5 0.63125 0.4203125 0.4484375 0.1671875
5 0.73203125 0.91171875 0.3984375 0.15
0 0.66015625 0.871875 0.6796875 0.25625
0 0.6234375 0.40859375 0.7484375 0.3359375
0 0.69140625 0.965625 0.15625 0.0421875
1 0.6984375 0.80390625 0.059375 0.0296875
3 0.77578125 0.7578125 0.0609375 0.0421875
3 0.84296875 0.54765625 0.103125 0.0671875
0 0.66875 0.5140625 0.2921875 0.0734375
0 0.55390625 0.0125 0.2640625 0.025
1 0.59609375 0.26953125 0.0640625 0.0296875
3 0.6703125 0.22578125 0.0609375 0.0390625
3 0.590625 0.14375 0.0390625 0.028125
3 0.73828125 0.025 0.1078125 0.05