5 0.14609375 0.9625 0.1921875 0.075
5 0.09375 0.4984375 0.1875 0.13125
4 0.1953125 0.57578125 0.2359375 0.053125
4 0.14140625 0.06015625 0.24375 0.0671875
1 0.5703125 0.9890625 0.11875 0.021875
2 0.3640625 0.9859375 0.059375 0.028125
0 0.22734375 0.76875 0.4421875 0.4625
0 0.1953125 0.30078125 0.390625 0.5671875
1 0.51484375 0.48046875 0.121875 0.0578125
2 0.30234375 0.5 0.090625 0.10625
1 0.46015625 0.18046875 0.0953125 0.0421875
2 0.3046875 0.2015625 0.0515625 0.0859375
2 0.37265625 0.73046875 0.040625 0.075
1 0.5296875 0.70703125 0.0875 0.040625