3 0.28671875 0.884375 0.1109375 0.184375
3 0.7765625 0.82265625 0.1125 0.184375
3 0.79140625 0.5796875 0.03125 0.0796875
3 0.29296875 0.63828125 0.0328125 0.0890625
4 0.06875 0.3125 0.05 0.1515625
5 0.26875 0.225 0.0703125 0.2171875
4 0.5546875 0.24921875 0.0484375 0.1515625
5 0.75078125 0.1671875 0.0734375 0.2203125
0 0.68984375 0.43046875 0.4359375 0.8609375
0 0.215625 0.48203125 0.43125 0.8953125
1 0.4453125 0.54296875 0.0484375 0.1
2 0.43203125 0.3484375 0.115625 0.05625
1 0.20703125 0.528125 0.0296875 0.06875
2 0.19921875 0.396875 0.065625 0.0359375
1 0.70546875 0.4640625 0.0296875 0.071875
2 0.696875 0.33515625 0.0671875 0.0390625
2 0.92421875 0.28359375 0.1078125 0.0625
1 0.9421875 0.47890625 0.0484375 0.096875
3 0.0234375 0.58515625 0.040625 0.0640625
3 0.5203125 0.5203125 0.03125 0.05625