5 0.37734375 0.66171875 0.1796875 0.0890625
5 0.26640625 0.1484375 0.2109375 0.0984375
4 0.34375 0.4203125 0.153125 0.0734375
4 0.4703125 0.93671875 0.1640625 0.0796875
0 0.571875 0.71640625 0.85625 0.5671875
0 0.50390625 0.28203125 0.9640625 0.5640625
1 0.68828125 0.63984375 0.1125 0.0546875
2 0.5046875 0.66953125 0.0734375 0.10625
1 0.7109375 0.896875 0.0921875 0.05
1 0.91328125 0.159375 0.071875 0.11875
1 0.571875 0.1078125 0.1109375 0.05625
2 0.3875 0.13828125 0.065625 0.1046875
2 0.43671875 0.3828125 0.05625 0.084375
1 0.59765625 0.3625 0.1015625 0.05
2 0.55390625 0.91953125 0.0625 0.0953125
3 0.7078125 0.21875 0.11875 0.046875
3 0.8234375 0.75 0.1125 0.04375