5 0.9203125 0.14375 0.159375 0.1125
5 0.8953125 0.61484375 0.1984375 0.1203125
4 0.80390625 0.51953125 0.2265625 0.0421875
4 0.75234375 0.99375 0.2328125 0.0125
1 0.5328125 0.0375 0.115625 0.053125
2 0.73046875 0.06484375 0.059375 0.096875
0 0.80625 0.2796875 0.3875 0.5375
0 0.7828125 0.7578125 0.428125 0.484375
1 0.4859375 0.5453125 0.115625 0.0515625
2 0.6890625 0.56953125 0.084375 0.1
1 0.47734375 0.8390625 0.090625 0.0375
2 0.6265625 0.85078125 0.046875 0.08125
2 0.66875 0.33828125 0.0375 0.0734375
1 0.5171875 0.32890625 0.0828125 0.0359375