3 0.16484375 0.74296875 0.0265625 0.05390625
3 0.325 0.81015625 0.03203125 0.084375
0 0.38125 0.6515625 0.04140625 0.21953125
3 0.4046875 0.7078125 0.01953125 0.04765625
5 0.0171875 0.6875 0.034375 0.43125
1 0.134375 0.671875 0.01953125 0.0828125
1 0.63359375 0.665625 0.02109375 0.065625
3 0.66171875 0.7421875 0.0265625 0.05703125
3 0.8203125 0.80859375 0.03125 0.08046875
3 0.9 0.6984375 0.0203125 0.0453125
0 0.05390625 0.68671875 0.1078125 0.6234375
0 0.5375 0.7 0.0734375 0.6
0 0.87578125 0.653125 0.0421875 0.21953125