5 0.20546875 0.46640625 0.03984375 0.15078125
5 0.6890625 0.46328125 0.03671875 0.1546875
3 0.04765625 0.92890625 0.03515625 0.12421875
3 0.5375 0.92734375 0.03828125 0.13203125
2 0.240625 0.2765625 0.48046875 0.55234375
1 0.71640625 0.278125 0.4296875 0.55625
3 0.79453125 0.7609375 0.0265625 0.04296875
3 0.9828125 0.83046875 0.03359375 0.06640625
3 0.4859375 0.834375 0.02890625 0.0625
3 0.2984375 0.76640625 0.02890625 0.04609375
0 0.284375 0.64765625 0.0671875 0.12734375
0 0.78203125 0.64296875 0.06640625 0.12578125