4 0.23125 0.29140625 0.175 0.078125
4 0.31796875 0.78359375 0.175 0.075
0 0.29140625 0.69140625 0.56875 0.3984375
2 0.3375 0.175 0.0734375 0.1
1 0.2640625 0.70859375 0.0953125 0.046875
2 0.4265625 0.6796875 0.0734375 0.096875
1 0.17265625 0.20546875 0.103125 0.0453125
1 0.1484375 0.4984375 0.1015625 0.046875
2 0.30390625 0.4734375 0.0515625 0.0390625
1 0.240625 0.98671875 0.1 0.0265625
2 0.39375 0.975 0.046875 0.040625
0 0.24765625 0.20078125 0.4953125 0.3984375
3 0.0359375 0.12265625 0.071875 0.0515625
3 0.1015625 0.62109375 0.1171875 0.053125