3 0.23828125 0.8515625 0.090625 0.17421875
3 0.7265625 0.85 0.09140625 0.17421875
3 0.77109375 0.61328125 0.021875 0.078125
3 0.275 0.6109375 0.02265625 0.0859375
4 0.09375 0.26328125 0.03203125 0.146875
5 0.30078125 0.20234375 0.0453125 0.21015625
4 0.57890625 0.2609375 0.03125 0.146875
5 0.78125 0.20390625 0.04609375 0.21328125
0 0.69140625 0.44296875 0.33125 0.8421875
0 0.2109375 0.4484375 0.33984375 0.85078125
1 0.4359375 0.53515625 0.03671875 0.096875
2 0.44609375 0.34375 0.109375 0.04375
1 0.203125 0.4921875 0.02109375 0.06640625
2 0.21171875 0.3625 0.06328125 0.028125
1 0.70078125 0.4890625 0.02109375 0.06953125
2 0.7078125 0.36171875 0.06328125 0.03046875
2 0.94296875 0.34140625 0.1125 0.05
1 0.93125 0.53203125 0.03671875 0.09375
3 0.01640625 0.52578125 0.0328125 0.06015625
3 0.5125 0.521875 0.02578125 0.05234375