0 0.5015625 0.7390625 0.9921875 0.3078125
0 0.5078125 0.25 0.984375 0.29375
4 0.39765625 0.34453125 0.115625 0.0234375
5 0.265625 0.196875 0.1765625 0.040625
5 0.25625 0.68984375 0.178125 0.040625
4 0.38359375 0.8421875 0.1328125 0.0265625
3 0.946875 0.69140625 0.1015625 0.0953125
1 0.640625 0.66015625 0.075 0.0265625
2 0.503125 0.6484375 0.0421875 0.071875
3 0.77109375 0.59375 0.090625 0.0328125
3 0.6765625 0.83359375 0.0484375 0.028125
3 0.68359375 0.3234375 0.046875 0.0265625
3 0.95078125 0.190625 0.0984375 0.09375
3 0.77890625 0.08828125 0.0953125 0.0296875
2 0.509375 0.1375 0.04375 0.075
1 0.65078125 0.1453125 0.075 0.0328125