5 0.346875 0.35234375 0.05 0.15625
5 0.82578125 0.35078125 0.05234375 0.184375
4 0.56875 0.36875 0.0390625 0.13359375
4 0.084375 0.38359375 0.04375 0.14296875
0 0.21796875 0.578125 0.4265625 0.84375
0 0.69921875 0.571875 0.4328125 0.85625
3 0.20546875 0.9484375 0.103125 0.10234375
1 0.3078125 0.63203125 0.03046875 0.09765625
2 0.315625 0.4640625 0.0875 0.05
1 0.07421875 0.603125 0.0296875 0.0796875
1 0.69453125 0.95 0.1 0.1
1 0.80390625 0.62890625 0.03203125 0.09609375
2 0.81171875 0.459375 0.08828125 0.0421875
2 0.58515625 0.45703125 0.0703125 0.0375
1 0.571875 0.60390625 0.02890625 0.08671875
2 0.08359375 0.46015625 0.0796875 0.04140625
3 0.6796875 0.72890625 0.02109375 0.10390625
3 0.184375 0.73125 0.01875 0.10078125