5 0.346875 0.35234375 0.049609375 0.15625
5 0.825390625 0.35078125 0.052734375 0.184375
4 0.568359375 0.36875 0.039453125 0.13359375
4 0.083984375 0.38359375 0.04375 0.14296875
0 0.218359375 0.578125 0.42734375 0.84375
0 0.69921875 0.571875 0.4328125 0.85625
3 0.205078125 0.9484375 0.102734375 0.10234375
1 0.308203125 0.63203125 0.030078125 0.09765625
2 0.315625 0.4640625 0.087109375 0.05
1 0.07421875 0.603125 0.030078125 0.0796875
1 0.69453125 0.95 0.1 0.1
1 0.804296875 0.62890625 0.03203125 0.09609375
2 0.81171875 0.459375 0.08828125 0.0421875
2 0.584765625 0.45703125 0.070703125 0.0375
1 0.572265625 0.60390625 0.028515625 0.08671875
2 0.08359375 0.46015625 0.0796875 0.04140625
3 0.679296875 0.72890625 0.02109375 0.10390625
3 0.184375 0.73125 0.01875 0.10078125