2 0.14296875 0.5953125 0.2859375 0.21796875
0 0.014453125 0.6109375 0.02890625 0.125
3 0.225 0.7828125 0.02265625 0.05703125
1 0.418359375 0.9046875 0.038671875 0.1484375
2 0.6359375 0.60234375 0.273046875 0.20390625
1 0.91484375 0.9 0.0421875 0.13828125
2 0.915625 0.665625 0.117578125 0.05625
3 0.720703125 0.77890625 0.020703125 0.05625
2 0.421875 0.67421875 0.11875 0.07734375
3 0.071484375 0.728125 0.026953125 0.0421875
3 0.56640625 0.721875 0.028125 0.0453125
0 0.51328125 0.6078125 0.0265625 0.125