5 0.269921875 0.10546875 0.043359375 0.16875
5 0.7515625 0.09609375 0.0421875 0.17890625
2 0.187890625 0.8578125 0.2 0.284375
2 0.662890625 0.8578125 0.194921875 0.284375
0 0.348828125 0.36171875 0.0734375 0.13125
3 0.121875 0.565625 0.0375 0.10078125
3 0.616015625 0.5671875 0.03359375 0.10078125
2 0.74765625 0.09921875 0.19609375 0.19765625
2 0.261328125 0.0953125 0.2 0.190625
0 0.84609375 0.3609375 0.07421875 0.1296875
3 0.35859375 0.48828125 0.02890625 0.05078125
3 0.857421875 0.4859375 0.029296875 0.046875