4 0.2578125 0.71328125 0.048828125 0.16328125
4 0.74453125 0.71328125 0.04609375 0.1640625
0 0.651953125 0.7359375 0.305078125 0.528125
2 0.163671875 0.59296875 0.0875 0.0578125
1 0.662890625 0.753125 0.0296875 0.0890625
2 0.662890625 0.59140625 0.084375 0.05703125
1 0.165625 0.7546875 0.028125 0.096875
1 0.4421875 0.828125 0.030859375 0.09375
2 0.44453125 0.675 0.030859375 0.0453125
1 0.93671875 0.82421875 0.030078125 0.09296875
2 0.940625 0.6734375 0.033984375 0.040625
0 0.159375 0.73203125 0.31875 0.5359375
3 0.058984375 0.89453125 0.03046875 0.11171875
3 0.551953125 0.89375 0.03359375 0.109375