5 0.203515625 0.1875 0.036328125 0.1703125
1 0.284375 0.9015625 0.121875 0.196875
2 0.2984375 0.1375 0.401171875 0.275
1 0.355078125 0.58203125 0.049609375 0.12421875
2 0.370703125 0.353125 0.13359375 0.0828125
3 0.1328125 0.5140625 0.03125 0.0578125
2 0.78984375 0.1359375 0.4203125 0.271875
2 0.865234375 0.3515625 0.131640625 0.0796875
1 0.850390625 0.5828125 0.04921875 0.1296875
1 0.762890625 0.896875 0.12109375 0.20625
3 0.6296875 0.515625 0.030859375 0.06171875
5 0.6890625 0.1859375 0.039453125 0.17265625