2 0.250390625 0.18046875 0.498046875 0.27734375
2 0.259765625 0.4125 0.11484375 0.08046875
1 0.25078125 0.6359375 0.0453125 0.12109375
3 0.01015625 0.58984375 0.0203125 0.05703125
1 0.199609375 0.96015625 0.11484375 0.07890625
1 0.677734375 0.96171875 0.119140625 0.0765625
3 0.508203125 0.59140625 0.016796875 0.0609375
2 0.75 0.18359375 0.499609375 0.26328125
5 0.577734375 0.2125 0.0484375 0.20390625
1 0.74609375 0.63515625 0.045703125 0.11796875
2 0.7546875 0.4125 0.115625 0.08046875
5 0.09609375 0.215625 0.0453125 0.19921875