5 0.111328125 0.09921875 0.09375 0.1984375
5 0.57109375 0.10078125 0.1015625 0.20078125
4 0.48671875 0.20390625 0.02265625 0.21796875
4 0.978125 0.2140625 0.04375 0.225
1 0.042578125 0.50703125 0.0421875 0.109375
2 0.0484375 0.3140625 0.096875 0.05
0 0.25 0.1953125 0.5 0.390625
0 0.750390625 0.19453125 0.49921875 0.3890625
1 0.538671875 0.51015625 0.041015625 0.109375
2 0.545703125 0.3109375 0.091015625 0.07421875
2 0.999609375 0.7234375 0.00078125 0.18671875
1 0.82421875 0.49375 0.029296875 0.0859375
2 0.82265625 0.346875 0.076171875 0.0390625
2 0.32265625 0.35 0.06796875 0.03046875
1 0.3265625 0.49765625 0.02890625 0.07890625