5 0.583984375 0.66953125 0.078125 0.40234375
5 0.125 0.675 0.069921875 0.35703125
0 0.109375 0.65625 0.21875 0.68671875
0 0.596875 0.66875 0.185546875 0.6625
0 0.065234375 0.6296875 0.048828125 0.14140625
1 0.227734375 0.66328125 0.01796875 0.05078125
3 0.255078125 0.74140625 0.03046875 0.05234375
3 0.432421875 0.8375 0.045703125 0.08671875
0 0.493359375 0.6875 0.015625 0.26796875
0 0.987109375 0.678125 0.02578125 0.23984375
1 0.725390625 0.66484375 0.0171875 0.05546875
3 0.75234375 0.73828125 0.02578125 0.05078125
3 0.839453125 0.68203125 0.0203125 0.0328125
3 0.92578125 0.83671875 0.039453125 0.0921875