0 0.26875 0.51640625 0.28203125 0.9671875
0 0.744140625 0.5171875 0.26953125 0.965625
4 0.65078125 0.40390625 0.021875 0.1125
5 0.791796875 0.27265625 0.035546875 0.17109375
5 0.312109375 0.271875 0.035546875 0.1734375
4 0.165234375 0.3984375 0.0234375 0.12890625
3 0.32265625 0.94765625 0.091796875 0.1046875
1 0.347265625 0.6453125 0.0234375 0.071875
2 0.35625 0.51015625 0.070703125 0.040625
3 0.414453125 0.7703125 0.03125 0.0875
3 0.179296875 0.6828125 0.02578125 0.046875
3 0.675390625 0.68125 0.025 0.04609375
3 0.809375 0.94609375 0.089453125 0.1078125
3 0.90625 0.7703125 0.028125 0.0921875
2 0.853515625 0.50859375 0.071875 0.04140625
1 0.848046875 0.64609375 0.0296875 0.07421875