5 0.126171875 0.39296875 0.04375 0.1625
5 0.609375 0.390625 0.04375 0.165625
3 0.040625 0.74140625 0.0390625 0.06015625
1 0.28203125 0.72265625 0.047265625 0.1234375
2 0.2859375 0.49453125 0.11796875 0.0640625
2 0.25 0.34140625 0.49921875 0.27265625
2 0.75078125 0.3203125 0.4984375 0.30625
2 0.7796875 0.49140625 0.119140625 0.06640625
1 0.7765625 0.7203125 0.04453125 0.1203125
4 0.81328125 0.49921875 0.01015625 0.04765625
3 0.5359375 0.73671875 0.040234375 0.0578125
4 0.31796875 0.50234375 0.009765625 0.0453125