5 0.169921875 0.40390625 0.045703125 0.171875
4 0.478515625 0.43359375 0.0421875 0.1921875
0 0.272265625 0.59140625 0.449609375 0.753125
1 0.278125 0.68359375 0.028125 0.08984375
3 0.196875 0.79609375 0.023828125 0.09140625
5 0.65234375 0.40234375 0.047265625 0.165625
4 0.966015625 0.43359375 0.0640625 0.18671875
0 0.762890625 0.6015625 0.4734375 0.74375
3 0.692578125 0.79765625 0.02421875 0.0875
1 0.77890625 0.6796875 0.019921875 0.090625
2 0.276953125 0.51328125 0.084765625 0.04140625
2 0.77421875 0.51328125 0.08515625 0.04921875