3 0.76953125 0.8109375 0.08125 0.2234375
3 0.2796875 0.8171875 0.08828125 0.21796875
0 0.39296875 0.39296875 0.21171875 0.69609375
0 0.8828125 0.39296875 0.234375 0.7078125
4 0.8546875 0.1921875 0.040625 0.1859375
4 0.3734375 0.19609375 0.03671875 0.17890625
1 0.020703125 0.43125 0.040625 0.1171875
1 0.51953125 0.425 0.039453125 0.121875
0 0.438671875 0.35859375 0.07421875 0.12265625
0 0.93359375 0.35703125 0.07421875 0.128125
3 0.96953125 0.5359375 0.023828125 0.07109375
3 0.475 0.53828125 0.0203125 0.0734375