0 0.271484375 0.64921875 0.2109375 0.7015625
4 0.2421875 0.4421875 0.03125 0.17421875
5 0.353515625 0.48515625 0.017578125 0.12265625
5 0.83984375 0.48203125 0.015234375 0.1203125
4 0.7234375 0.44296875 0.024609375 0.16875
0 0.752734375 0.64375 0.22421875 0.7125
3 0.703125 0.653125 0.01875 0.0671875
3 0.953515625 0.74921875 0.036328125 0.0765625
3 0.208203125 0.65625 0.017578125 0.06640625
3 0.4578125 0.7546875 0.03515625 0.078125
3 0.5984375 0.9765625 0.0375 0.046875
3 0.109765625 0.975 0.04140625 0.05