4 0.679296875 0.6125 0.04765625 0.175
0 0.130078125 0.6640625 0.26015625 0.671875
1 0.10703125 0.778125 0.03046875 0.10078125
2 0.107421875 0.596875 0.093359375 0.06328125
4 0.19140625 0.61640625 0.055859375 0.18515625
1 0.60390625 0.775 0.03203125 0.09453125
2 0.602734375 0.5953125 0.09453125 0.06484375
0 0.620703125 0.66953125 0.240234375 0.66015625
1 0.876953125 0.86015625 0.02578125 0.103125
2 0.882421875 0.69609375 0.08515625 0.046875
1 0.38125 0.85859375 0.027734375 0.09140625
2 0.384375 0.69453125 0.0828125 0.04765625