5 0.1828125 0.24140625 0.072265625 0.28125
2 0.07265625 0.4671875 0.111328125 0.075
1 0.346875 0.70390625 0.0265625 0.0890625
2 0.3484375 0.55546875 0.076171875 0.040625
1 0.571484375 0.66328125 0.03359375 0.1
2 0.567578125 0.46171875 0.11328125 0.06875
5 0.655859375 0.23828125 0.076171875 0.28984375
0 0.807421875 0.28203125 0.38515625 0.5640625
1 0.84375 0.70390625 0.028125 0.09296875
2 0.844140625 0.55546875 0.072265625 0.03828125
1 0.073828125 0.659375 0.0359375 0.103125
0 0.24921875 0.39453125 0.4984375 0.7890625
4 0.980078125 0.44921875 0.039453125 0.21171875