5 0.250390625 0.184375 0.0453125 0.175
2 0.2828125 0.1359375 0.402734375 0.271875
0 0.18125 0.47734375 0.06328125 0.12578125
3 0.194921875 0.5953125 0.02734375 0.0453125
1 0.253125 0.9296875 0.2015625 0.140625
3 0.362109375 0.640625 0.031640625 0.06015625
1 0.7296875 0.9296875 0.194140625 0.13984375
3 0.858203125 0.63984375 0.03046875 0.06328125
0 0.678125 0.47578125 0.06484375 0.12578125
3 0.691015625 0.59375 0.028125 0.0421875
5 0.732421875 0.18046875 0.046875 0.1875
2 0.764453125 0.1390625 0.39609375 0.278125