1 0.277734375 0.821875 0.117578125 0.35625
1 0.34453125 0.44765625 0.046875 0.13046875
2 0.36171875 0.2078125 0.129296875 0.08359375
3 0.121484375 0.3921875 0.032421875 0.0625
1 0.7546875 0.81953125 0.12421875 0.3609375
1 0.839453125 0.4484375 0.048828125 0.1296875
3 0.61796875 0.39140625 0.03203125 0.06171875
2 0.85546875 0.209375 0.130859375 0.08671875
5 0.194140625 0.05390625 0.03671875 0.1078125
4 0.394140625 0.22109375 0.01328125 0.05859375
5 0.679296875 0.053125 0.040625 0.1015625
4 0.8890625 0.2234375 0.013671875 0.053125