5 0.20390625 0.1875 0.03671875 0.16979166666666667
1 0.284375 0.9010416666666666 0.121875 0.196875
2 0.2984375 0.1375 0.4015625 0.275
1 0.3546875 0.5822916666666667 0.04921875 0.12395833333333334
2 0.3703125 0.353125 0.13359375 0.08229166666666667
3 0.1328125 0.5145833333333333 0.03125 0.058333333333333334
2 0.78984375 0.13645833333333332 0.4203125 0.271875
2 0.86484375 0.35208333333333336 0.13203125 0.08020833333333334
1 0.85 0.5833333333333334 0.04921875 0.12916666666666668
1 0.76171875 0.896875 0.1203125 0.20625
3 0.6296875 0.515625 0.03125 0.06145833333333333
5 0.6890625 0.18645833333333334 0.0390625 0.17291666666666666