4 0.2578125 0.7135416666666666 0.04921875 0.16354166666666667
4 0.74453125 0.7135416666666666 0.04609375 0.16458333333333333
0 0.65234375 0.7354166666666667 0.3046875 0.528125
2 0.1640625 0.5927083333333333 0.0875 0.058333333333333334
1 0.66328125 0.753125 0.0296875 0.08854166666666667
2 0.66328125 0.5916666666666667 0.084375 0.057291666666666664
1 0.165625 0.7552083333333334 0.028125 0.096875
1 0.4421875 0.828125 0.03046875 0.09375
2 0.44453125 0.675 0.03046875 0.04583333333333333
1 0.93671875 0.8239583333333333 0.0296875 0.09270833333333334
2 0.940625 0.6729166666666667 0.03359375 0.040625
0 0.159375 0.73125 0.31875 0.5375
3 0.059375 0.8947916666666667 0.03046875 0.11145833333333334
3 0.5515625 0.89375 0.03359375 0.109375