2 0.25078125 0.18125 0.4984375 0.278125
2 0.259375 0.4125 0.11484375 0.08020833333333334
1 0.25078125 0.6364583333333333 0.0453125 0.12083333333333333
3 0.01015625 0.5895833333333333 0.0203125 0.057291666666666664
1 0.2 0.9604166666666667 0.11484375 0.07916666666666666
1 0.67734375 0.9614583333333333 0.11875 0.07604166666666666
3 0.5078125 0.5916666666666667 0.0171875 0.06041666666666667
2 0.75 0.18333333333333332 0.5 0.2635416666666667
5 0.57734375 0.2125 0.0484375 0.203125
1 0.74609375 0.6354166666666666 0.04609375 0.11770833333333333
2 0.7546875 0.4125 0.115625 0.08020833333333334
5 0.09609375 0.215625 0.0453125 0.2