3 0.1203125 0.846875 0.0609375 0.08854166666666667
0 0.1203125 0.6322916666666667 0.034375 0.13958333333333334
3 0.21953125 0.7239583333333334 0.0234375 0.03958333333333333
3 0.42265625 0.8802083333333334 0.0390625 0.07291666666666667
0 0.47421875 0.6770833333333334 0.05 0.2864583333333333
3 0.61328125 0.846875 0.06015625 0.08854166666666667
0 0.61875 0.6333333333333333 0.03671875 0.13958333333333334
3 0.915625 0.8770833333333333 0.03828125 0.075
0 0.38671875 0.703125 0.01328125 0.18333333333333332
0 0.8828125 0.696875 0.01328125 0.17916666666666667
0 0.971875 0.678125 0.05546875 0.2833333333333333
3 0.715625 0.7229166666666667 0.0203125 0.041666666666666664