5 0.434375 0.2635416666666667 0.05 0.17291666666666666
5 0.91171875 0.2677083333333333 0.04609375 0.18229166666666666
4 0.1171875 0.371875 0.0546875 0.175
4 0.59921875 0.371875 0.05546875 0.16979166666666667
0 0.74765625 0.5260416666666666 0.5015625 0.9479166666666666
0 0.2484375 0.53125 0.48515625 0.9375
3 0.69296875 0.95625 0.1140625 0.0875
3 0.20625 0.9614583333333333 0.11171875 0.07708333333333334
3 0.08671875 0.809375 0.021875 0.11979166666666667
1 0.1953125 0.6541666666666667 0.03046875 0.09791666666666667
1 0.690625 0.6520833333333333 0.0265625 0.09791666666666667