0 0.26796875 0.515625 0.2828125 0.96875
0 0.74453125 0.5177083333333333 0.26953125 0.9645833333333333
4 0.65078125 0.4041666666666667 0.021875 0.1125
5 0.79140625 0.271875 0.03515625 0.171875
5 0.31171875 0.271875 0.0359375 0.17395833333333333
4 0.16484375 0.39895833333333336 0.0234375 0.12916666666666668
3 0.32265625 0.9479166666666666 0.0921875 0.10416666666666667
1 0.34765625 0.6458333333333334 0.0234375 0.071875
2 0.35625 0.5104166666666666 0.07109375 0.040625
3 0.4140625 0.7708333333333334 0.03125 0.0875
3 0.17890625 0.6822916666666666 0.02578125 0.046875
3 0.675 0.68125 0.025 0.04583333333333333
3 0.809375 0.9458333333333333 0.08984375 0.10833333333333334
3 0.90625 0.7697916666666667 0.028125 0.09270833333333334
2 0.853125 0.5083333333333333 0.071875 0.041666666666666664
1 0.8484375 0.6458333333333334 0.0296875 0.07395833333333333