5 0.1265625 0.3927083333333333 0.04375 0.1625
5 0.609375 0.390625 0.04375 0.165625
3 0.040625 0.7416666666666667 0.0390625 0.06041666666666667
1 0.28203125 0.7229166666666667 0.046875 0.12395833333333334
2 0.2859375 0.49375 0.11796875 0.06458333333333334
2 0.25 0.3416666666666667 0.49921875 0.27291666666666664
2 0.75078125 0.32083333333333336 0.4984375 0.30625
2 0.7796875 0.49166666666666664 0.11953125 0.06666666666666667
1 0.7765625 0.7208333333333333 0.04453125 0.11979166666666667
4 0.81328125 0.49895833333333334 0.01015625 0.046875
3 0.5359375 0.7375 0.03984375 0.057291666666666664
4 0.31796875 0.5020833333333333 0.009375 0.04479166666666667