1 0.25546875 0.7864583333333334 0.1796875 0.4270833333333333
1 0.72578125 0.790625 0.18046875 0.41770833333333335
0 0.025 0.646875 0.05 0.14791666666666667
3 0.21953125 0.7864583333333334 0.028125 0.053125
1 0.47265625 0.8145833333333333 0.05 0.159375
2 0.44765625 0.5010416666666667 0.10234375 0.08125
0 0.52265625 0.6552083333333333 0.04765625 0.14895833333333333
3 0.71953125 0.7854166666666667 0.02421875 0.04479166666666667
1 0.96484375 0.8114583333333333 0.053125 0.153125
2 0.94453125 0.5125 0.109375 0.115625
5 0.19453125 0.04583333333333333 0.0390625 0.09166666666666666
5 0.6765625 0.041666666666666664 0.04296875 0.08333333333333333