4 0.2890625 0.20104166666666667 0.07421875 0.2833333333333333
4 0.75546875 0.21875 0.08125 0.3229166666666667
0 0.19375 0.5 0.3875 1
0 0.6796875 0.5 0.359375 1
2 0.04375 0.275 0.08671875 0.05520833333333333
2 0.5421875 0.278125 0.0859375 0.05520833333333333
1 0.0390625 0.47708333333333336 0.03828125 0.096875
1 0.33203125 0.46875 0.01484375 0.084375
2 0.33203125 0.31875 0.02421875 0.04583333333333333
1 0.5359375 0.48125 0.04453125 0.1125
3 0.48125 0.575 0.0359375 0.075
3 0.978125 0.5770833333333333 0.04375 0.08333333333333333