5 0.25078125 0.184375 0.0453125 0.175
2 0.2828125 0.13541666666666666 0.403125 0.2708333333333333
0 0.18125 0.47708333333333336 0.06328125 0.12604166666666666
3 0.19453125 0.5947916666666667 0.02734375 0.04479166666666667
1 0.253125 0.9302083333333333 0.2015625 0.13958333333333334
3 0.3625 0.640625 0.03125 0.06041666666666667
1 0.7296875 0.9302083333333333 0.19375 0.13958333333333334
3 0.85859375 0.6395833333333333 0.03046875 0.06354166666666666
0 0.678125 0.47604166666666664 0.06484375 0.12604166666666666
3 0.690625 0.59375 0.028125 0.042708333333333334
5 0.7328125 0.18020833333333333 0.046875 0.1875
2 0.76328125 0.13854166666666667 0.3953125 0.27708333333333335