4 0.6796875 0.6125 0.04765625 0.175
0 0.1296875 0.6625 0.259375 0.6708333333333333
1 0.10703125 0.778125 0.03046875 0.10104166666666667
2 0.10703125 0.596875 0.09296875 0.06354166666666666
4 0.19140625 0.6166666666666667 0.05625 0.18541666666666667
1 0.60390625 0.775 0.03203125 0.09479166666666666
2 0.603125 0.5947916666666667 0.09453125 0.06458333333333334
0 0.62109375 0.6697916666666667 0.240625 0.6604166666666667
1 0.87734375 0.8604166666666667 0.02578125 0.103125
2 0.8828125 0.6958333333333333 0.08515625 0.046875
1 0.38125 0.8583333333333333 0.028125 0.090625
2 0.384375 0.6947916666666667 0.0828125 0.04791666666666667