5 0.1890625 0.6635416666666667 0.0640625 0.35520833333333335
5 0.65078125 0.6666666666666666 0.07109375 0.35520833333333335
0 0.1375 0.6541666666666667 0.27421875 0.6916666666666667
0 0.61953125 0.65625 0.2453125 0.6875
0 0.12890625 0.625 0.06328125 0.134375
3 0.15546875 0.8375 0.01484375 0.06875
3 0.30234375 0.74375 0.03203125 0.053125
3 0.39375 0.6916666666666667 0.0234375 0.035416666666666666
3 0.4875 0.8552083333333333 0.02578125 0.08229166666666667
3 0.9828125 0.85625 0.03359375 0.10208333333333333
1 0.76875 0.6666666666666666 0.01953125 0.05
3 0.79765625 0.74375 0.03515625 0.05625
0 0.62578125 0.6260416666666667 0.0640625 0.140625
3 0.890625 0.6895833333333333 0.02421875 0.036458333333333336