5 0.1828125 0.24166666666666667 0.071875 0.28125
2 0.07265625 0.46770833333333334 0.11171875 0.075
1 0.346875 0.7041666666666667 0.0265625 0.08854166666666667
2 0.3484375 0.5552083333333333 0.0765625 0.040625
1 0.57109375 0.6625 0.03359375 0.1
2 0.56796875 0.46145833333333336 0.11328125 0.06875
5 0.65625 0.2375 0.07578125 0.28958333333333336
0 0.80703125 0.28125 0.3859375 0.5625
1 0.84375 0.703125 0.028125 0.09270833333333334
2 0.84375 0.5552083333333333 0.07265625 0.03854166666666667
1 0.0734375 0.659375 0.0359375 0.103125
0 0.24921875 0.39479166666666665 0.4984375 0.7895833333333333
4 0.9796875 0.4479166666666667 0.040625 0.2125