5 0.1109375 0.09895833333333333 0.09375 0.19791666666666666
5 0.57109375 0.10104166666666667 0.1015625 0.20104166666666667
4 0.48671875 0.203125 0.02265625 0.21770833333333334
4 0.978125 0.21354166666666666 0.04375 0.225
1 0.04296875 0.5072916666666667 0.0421875 0.109375
2 0.0484375 0.31354166666666666 0.096875 0.05
0 0.25 0.19583333333333333 0.5 0.39166666666666666
0 0.75 0.19479166666666667 0.49921875 0.3885416666666667
1 0.5390625 0.5104166666666666 0.04140625 0.109375
2 0.5453125 0.31145833333333334 0.09140625 0.07395833333333333
2 0.99921875 0.7229166666666667 0.0015625 0.1875
1 0.82421875 0.49375 0.02890625 0.08645833333333333
2 0.82265625 0.346875 0.0765625 0.03958333333333333
2 0.32265625 0.35 0.06796875 0.030208333333333334
1 0.3265625 0.4979166666666667 0.02890625 0.07916666666666666