5 0.21015625 0.20520833333333333 0.03203125 0.15625
5 0.6953125 0.20520833333333333 0.03359375 0.16041666666666668
1 0.3 0.9083333333333333 0.12421875 0.18229166666666666
1 0.775 0.8895833333333333 0.1296875 0.21979166666666666
2 0.28828125 0.14166666666666666 0.4203125 0.2833333333333333
2 0.778125 0.14270833333333333 0.44375 0.28541666666666665
3 0.63515625 0.5364583333333334 0.03203125 0.057291666666666664
1 0.36328125 0.5864583333333333 0.0515625 0.12604166666666666
3 0.1390625 0.5395833333333333 0.03203125 0.065625
1 0.8578125 0.5864583333333333 0.05078125 0.12708333333333333
2 0.87109375 0.35104166666666664 0.13203125 0.07291666666666667
2 0.37734375 0.3541666666666667 0.13125 0.08020833333333334
4 0.41015625 0.36354166666666665 0.01015625 0.04479166666666667
4 0.9046875 0.36354166666666665 0.01015625 0.042708333333333334