3 0.16484375 0.74375 0.0265625 0.053125
3 0.325 0.8104166666666667 0.03203125 0.084375
0 0.38125 0.6520833333333333 0.04140625 0.21979166666666666
3 0.4046875 0.7083333333333334 0.01953125 0.04791666666666667
5 0.0171875 0.6875 0.034375 0.42916666666666664
1 0.134375 0.671875 0.01953125 0.08229166666666667
1 0.63359375 0.665625 0.02109375 0.065625
3 0.66171875 0.7427083333333333 0.0265625 0.057291666666666664
3 0.8203125 0.8083333333333333 0.03125 0.08020833333333334
3 0.9 0.6989583333333333 0.0203125 0.04479166666666667
0 0.05390625 0.6864583333333333 0.1078125 0.6229166666666667
0 0.5375 0.7 0.0734375 0.6
0 0.87578125 0.653125 0.0421875 0.21979166666666666