5 0.346875 0.35208333333333336 0.05 0.15625
5 0.82578125 0.35104166666666664 0.05234375 0.184375
4 0.56875 0.36875 0.0390625 0.13333333333333333
4 0.084375 0.38333333333333336 0.04375 0.14270833333333333
0 0.21875 0.578125 0.42734375 0.8427083333333333
0 0.69921875 0.571875 0.4328125 0.8552083333333333
3 0.20546875 0.9489583333333333 0.103125 0.10208333333333333
1 0.3078125 0.6322916666666667 0.03046875 0.09791666666666667
2 0.315625 0.46458333333333335 0.0875 0.05
1 0.07421875 0.603125 0.0296875 0.07916666666666666
1 0.69453125 0.95 0.1 0.1
1 0.80390625 0.6291666666666667 0.03203125 0.09583333333333334
2 0.81171875 0.459375 0.08828125 0.042708333333333334
2 0.58515625 0.45729166666666665 0.0703125 0.0375
1 0.571875 0.6041666666666666 0.02890625 0.08645833333333333
2 0.08359375 0.46041666666666664 0.0796875 0.040625
3 0.6796875 0.728125 0.02109375 0.10416666666666667
3 0.184375 0.73125 0.01875 0.10104166666666667