5 0.3140625 0.058333333333333334 0.040625 0.11666666666666667
5 0.796875 0.057291666666666664 0.0375 0.11354166666666667
2 0.25 0.85 0.19140625 0.2989583333333333
2 0.72734375 0.84375 0.19140625 0.31145833333333334
3 0.171875 0.5364583333333334 0.034375 0.09583333333333334
0 0.39921875 0.2760416666666667 0.0828125 0.15833333333333333
0 0.021875 0.27708333333333335 0.04375 0.18333333333333332
0 0.51953125 0.271875 0.04140625 0.18333333333333332
3 0.665625 0.5333333333333333 0.03359375 0.1
0 0.89609375 0.2760416666666667 0.08125 0.15833333333333333
3 0.4125 0.40625 0.03359375 0.05
3 0.9078125 0.40520833333333334 0.03515625 0.04895833333333333