3 0.76953125 0.8114583333333333 0.08125 0.22291666666666668
3 0.2796875 0.8166666666666667 0.08828125 0.21875
0 0.39296875 0.3927083333333333 0.21171875 0.6958333333333333
0 0.8828125 0.39375 0.23359375 0.7083333333333334
4 0.8546875 0.19270833333333334 0.040625 0.18541666666666667
4 0.3734375 0.19583333333333333 0.03671875 0.17916666666666667
1 0.02109375 0.43125 0.040625 0.11666666666666667
1 0.51953125 0.425 0.03984375 0.121875
0 0.4390625 0.35833333333333334 0.07421875 0.12291666666666666
0 0.93359375 0.3572916666666667 0.07421875 0.128125
3 0.96953125 0.5354166666666667 0.02421875 0.07083333333333333
3 0.475 0.5385416666666667 0.0203125 0.07395833333333333