1 0.278125 0.821875 0.11796875 0.35625
1 0.34453125 0.4479166666666667 0.046875 0.13020833333333334
2 0.36171875 0.20729166666666668 0.1296875 0.08333333333333333
3 0.12109375 0.39166666666666666 0.03203125 0.0625
1 0.75390625 0.81875 0.1234375 0.3625
1 0.83984375 0.4479166666666667 0.04921875 0.12916666666666668
3 0.61796875 0.39166666666666666 0.03203125 0.0625
2 0.85546875 0.209375 0.13046875 0.08645833333333333
5 0.19453125 0.05416666666666667 0.0375 0.10833333333333334
4 0.39375 0.22083333333333333 0.01328125 0.058333333333333334
5 0.6796875 0.053125 0.040625 0.10208333333333333
4 0.8890625 0.22395833333333334 0.01328125 0.053125