5 0.58359375 0.6697916666666667 0.078125 0.40208333333333335
5 0.125 0.675 0.0703125 0.3572916666666667
0 0.109375 0.65625 0.21875 0.6864583333333333
0 0.596875 0.66875 0.1859375 0.6625
0 0.065625 0.6291666666666667 0.0484375 0.14166666666666666
1 0.228125 0.6635416666666667 0.01796875 0.05
3 0.25546875 0.740625 0.03046875 0.052083333333333336
3 0.43203125 0.8375 0.04609375 0.08645833333333333
0 0.49296875 0.6875 0.015625 0.2677083333333333
0 0.98671875 0.6770833333333334 0.0265625 0.24166666666666667
1 0.725 0.6645833333333333 0.0171875 0.05520833333333333
3 0.75234375 0.7385416666666667 0.02578125 0.05
3 0.8390625 0.6822916666666666 0.0203125 0.03229166666666667
3 0.92578125 0.8364583333333333 0.03984375 0.09270833333333334