4 0.3015625 0.203125 0.178125 0.0828125
4 0.2046875 0.70390625 0.178125 0.0796875
0 0.253125 0.609375 0.50625 0.409375
2 0.4453125 0.1296875 0.078125 0.1015625
1 0.18046875 0.6125 0.0984375 0.0484375
2 0.346875 0.64453125 0.075 0.096875
1 0.278125 0.09921875 0.10625 0.0484375
1 0.146875 0.36953125 0.1046875 0.05
2 0.3046875 0.403125 0.0515625 0.0390625
1 0.05234375 0.8796875 0.1015625 0.0484375
2 0.20703125 0.91328125 0.05 0.04375
0 0.3265625 0.1578125 0.5625 0.315625
3 0.05859375 0.46875 0.1171875 0.05625