5 0.61484375 0.83046875 0.3703125 0.121875
5 0.69140625 0.365625 0.36875 0.128125
0 0.590625 0.84375 0.734375 0.3125
0 0.6546875 0.39453125 0.690625 0.3546875
0 0.565625 0.88515625 0.1453125 0.084375
3 0.784375 0.8921875 0.071875 0.0265625
3 0.71328125 0.72890625 0.059375 0.0390625
3 0.675 0.62890625 0.040625 0.03125
3 0.85625 0.56015625 0.0875 0.0390625
3 0.93203125 0.0703125 0.1078125 0.0328125
1 0.709375 0.24609375 0.0515625 0.0265625
3 0.79296875 0.2296875 0.0609375 0.0421875
0 0.64609375 0.38359375 0.1515625 0.0875
3 0.75234375 0.128125 0.040625 0.03125