5 0.62109375 0.328125 0.1640625 0.0734375
5 0.69765625 0.80546875 0.19375 0.08125
4 0.63984375 0.55234375 0.1390625 0.0609375
4 0.5484375 0.07109375 0.1484375 0.065625
0 0.415625 0.25703125 0.83125 0.5140625
0 0.46171875 0.71328125 0.915625 0.565625
3 0.03125 0.27890625 0.0625 0.1171875
1 0.33515625 0.33359375 0.1015625 0.046875
2 0.5046875 0.3140625 0.0625 0.09375
1 0.32734375 0.0953125 0.084375 0.04375
1 0.08359375 0.76875 0.1078125 0.1140625
1 0.4171875 0.82890625 0.1015625 0.046875
2 0.5875 0.809375 0.0578125 0.0953125
2 0.55390625 0.58203125 0.0484375 0.0765625
1 0.40546875 0.5921875 0.090625 0.0421875
2 0.471875 0.08203125 0.053125 0.0859375
3 0.2984375 0.71953125 0.10625 0.0375
3 0.2171875 0.225 0.103125 0.034375