3 0.809375 0.7671875 0.0609375 0.040625
3 0.8375 0.5859375 0.096875 0.0546875
0 0.659375 0.56796875 0.2375 0.0984375
3 0.7109375 0.5296875 0.053125 0.0328125
5 0.78046875 0.92890625 0.4390625 0.1390625
1 0.74296875 0.8171875 0.090625 0.0421875
1 0.60859375 0.3046875 0.071875 0.0375
3 0.68046875 0.25625 0.065625 0.0421875
3 0.7078125 0.075 0.090625 0.053125
3 0.57421875 0.02109375 0.0515625 0.0328125
0 0.72109375 0.88125 0.5578125 0.2375
0 0.6640625 0.39609375 0.63125 0.228125
0 0.53359375 0.05859375 0.2390625 0.1