4 0.6796875 0.6125 0.04765625 0.175
0 0.1296875 0.6640625 0.259375 0.671875
1 0.10703125 0.778125 0.03046875 0.10078125
2 0.10703125 0.596875 0.09296875 0.06328125
4 0.19140625 0.61640625 0.05625 0.18515625
1 0.60390625 0.775 0.03203125 0.09453125
2 0.603125 0.5953125 0.09453125 0.06484375
0 0.62109375 0.66953125 0.240625 0.66015625
1 0.87734375 0.86015625 0.02578125 0.103125
2 0.8828125 0.69609375 0.08515625 0.046875
1 0.38125 0.85859375 0.028125 0.09140625
2 0.384375 0.69453125 0.0828125 0.04765625