3 0.8546875 0.79921875 0.1984375 0.115625
3 0.9 0.26796875 0.1984375 0.115625
3 0.64453125 0.19765625 0.0875 0.03125
3 0.5953125 0.7375 0.0953125 0.0328125
4 0.1984375 0.90078125 0.1640625 0.05
5 0.15078125 0.6703125 0.234375 0.0703125
4 0.24140625 0.3734375 0.1640625 0.0484375
5 0.1984375 0.14765625 0.2375 0.0703125
0 0.4671875 0.26875 0.921875 0.4390625
0 0.44609375 0.784375 0.8921875 0.43125
1 0.528125 0.55390625 0.109375 0.05
2 0.31875 0.525 0.059375 0.121875
1 0.45859375 0.80390625 0.075 0.0296875
2 0.3171875 0.78203125 0.0375 0.071875
1 0.503125 0.26171875 0.0765625 0.0296875
2 0.3640625 0.2421875 0.040625 0.071875
2 0.3578125 0.02421875 0.059375 0.0484375
1 0.56953125 0.01953125 0.1046875 0.0390625
3 0.5203125 0.4703125 0.059375 0.0328125