0 0.50234375 0.21328125 0.9953125 0.3390625
0 0.4984375 0.7265625 0.996875 0.325
4 0.62421875 0.63046875 0.121875 0.028125
5 0.7609375 0.7875 0.1875 0.0453125
5 0.78046875 0.26953125 0.1890625 0.04375
4 0.64765625 0.10625 0.1421875 0.0296875
3 0.05703125 0.25546875 0.1 0.1015625
1 0.3734375 0.29375 0.0796875 0.028125
2 0.51953125 0.30859375 0.046875 0.078125
3 0.2359375 0.3609375 0.096875 0.0375
3 0.3390625 0.1109375 0.0515625 0.0296875
3 0.321875 0.64609375 0.0515625 0.028125
3 0.0453125 0.7796875 0.090625 0.1
3 0.2171875 0.8921875 0.1015625 0.034375
2 0.503125 0.84453125 0.046875 0.0796875
1 0.35390625 0.83359375 0.0828125 0.034375