1 0.278125 0.821875 0.11796875 0.35625
1 0.34453125 0.44765625 0.046875 0.13046875
2 0.36171875 0.2078125 0.1296875 0.08359375
3 0.12109375 0.3921875 0.03203125 0.0625
1 0.7546875 0.81953125 0.12421875 0.3609375
1 0.83984375 0.4484375 0.04921875 0.1296875
3 0.61796875 0.39140625 0.03203125 0.06171875
2 0.85546875 0.209375 0.13046875 0.08671875
5 0.19375 0.05390625 0.0375 0.1078125
4 0.39375 0.22109375 0.01328125 0.05859375
5 0.6796875 0.053125 0.040625 0.1015625
4 0.8890625 0.2234375 0.01328125 0.053125