5 0.20546875 0.4666666666666667 0.03984375 0.15104166666666666
5 0.6890625 0.4625 0.03671875 0.15520833333333334
3 0.04765625 0.9291666666666667 0.03515625 0.12395833333333334
3 0.5375 0.9270833333333334 0.03828125 0.13229166666666667
2 0.240625 0.2760416666666667 0.48046875 0.5520833333333334
1 0.71640625 0.278125 0.4296875 0.55625
3 0.79453125 0.7604166666666666 0.0265625 0.042708333333333334
3 0.9828125 0.8302083333333333 0.03359375 0.06666666666666667
3 0.4859375 0.834375 0.02890625 0.0625
3 0.2984375 0.765625 0.02890625 0.04583333333333333
0 0.284375 0.6479166666666667 0.0671875 0.12708333333333333
0 0.78203125 0.6427083333333333 0.06640625 0.12604166666666666