5 0.6453125 0.38671875 0.4296875 0.18125
5 0.7671875 0.85078125 0.3796875 0.1609375
0 0.68671875 0.8375 0.6265625 0.325
0 0.63359375 0.37734375 0.7078125 0.3515625
0 0.7359375 0.92265625 0.1546875 0.0859375
1 0.7296875 0.7484375 0.05625 0.03125
3 0.8015625 0.7015625 0.0609375 0.04375
3 0.8546875 0.49765625 0.1 0.0671875
0 0.68671875 0.47421875 0.2765625 0.0828125
0 0.55 0.01015625 0.25 0.0203125
1 0.60546875 0.2453125 0.0609375 0.0328125
3 0.6734375 0.19921875 0.0578125 0.040625
3 0.59375 0.125 0.0390625 0.0296875
3 0.728125 0.01484375 0.103125 0.0296875