5 0.58359375 0.66953125 0.078125 0.40234375
5 0.125 0.675 0.0703125 0.35703125
0 0.109375 0.65625 0.21875 0.68671875
0 0.596875 0.66875 0.1859375 0.6625
0 0.065625 0.6296875 0.0484375 0.14140625
1 0.228125 0.66328125 0.01796875 0.05078125
3 0.25546875 0.74140625 0.03046875 0.05234375
3 0.43203125 0.8375 0.04609375 0.08671875
0 0.49296875 0.6875 0.015625 0.26796875
0 0.98671875 0.67734375 0.0265625 0.2390625
1 0.725 0.66484375 0.0171875 0.05546875
3 0.75234375 0.73828125 0.02578125 0.05078125
3 0.8390625 0.68203125 0.0203125 0.0328125
3 0.92578125 0.83671875 0.03984375 0.0921875