5 0.1890625 0.6640625 0.0640625 0.35546875
5 0.65078125 0.6671875 0.07109375 0.3546875
0 0.1375 0.65390625 0.27421875 0.69140625
0 0.6203125 0.65703125 0.2453125 0.6859375
0 0.12890625 0.625 0.06328125 0.134375
3 0.15546875 0.8375 0.01484375 0.06875
3 0.30234375 0.74375 0.03203125 0.053125
3 0.39375 0.69140625 0.0234375 0.0359375
3 0.4875 0.85546875 0.02578125 0.08203125
3 0.9828125 0.85625 0.03359375 0.1015625
1 0.76875 0.66640625 0.01953125 0.05
3 0.79765625 0.74375 0.03515625 0.05546875
0 0.62578125 0.62578125 0.0640625 0.14140625
3 0.890625 0.68984375 0.02421875 0.03671875